TITLE = "Global index visualization file"
VARIABLES =
   "iSpan"           "x_coord"           "y_coord"           "z_coord"            "radius""Relative Angular Coord ""Delta Angular Coord "         "processor"
         0      8.63043591E-02      0.00000000E+00      0.00000000E+00      8.63043591E-02      0.00000000E+00      0.00000000E+00                   1
         0      8.63043591E-02      1.97848233E-04      0.00000000E+00      8.63045859E-02      1.97848233E-04      1.97848233E-04                   1
         0      8.63043591E-02      3.95696467E-04      0.00000000E+00      8.63052662E-02      3.95696467E-04      1.97848233E-04                   1
         0      8.63043591E-02      5.93544700E-04      0.00000000E+00      8.63064001E-02      5.93544700E-04      1.97848233E-04                   1
         0      8.63043591E-02      7.91392934E-04      0.00000000E+00      8.63079875E-02      7.91392934E-04      1.97848233E-04                   1
         0      8.63043591E-02      9.89241167E-04      0.00000000E+00      8.63100284E-02      9.89241167E-04      1.97848233E-04                   1
         0      8.63043591E-02      1.18708940E-03      0.00000000E+00      8.63125228E-02      1.18708940E-03      1.97848233E-04                   1
         0      8.63043591E-02      1.38493763E-03      0.00000000E+00      8.63154706E-02      1.38493763E-03      1.97848233E-04                   1
         0      8.63043591E-02      1.58278587E-03      0.00000000E+00      8.63188717E-02      1.58278587E-03      1.97848233E-04                   1
         0      8.63043591E-02      1.78063410E-03      0.00000000E+00      8.63227262E-02      1.78063410E-03      1.97848233E-04                   1
         0      8.63043591E-02      1.97848233E-03      0.00000000E+00      8.63270340E-02      1.97848233E-03      1.97848233E-04                   1
         0      8.63043591E-02      2.17633057E-03      0.00000000E+00      8.63317950E-02      2.17633057E-03      1.97848233E-04                   1
         0      8.63043591E-02      2.37417880E-03      0.00000000E+00      8.63370090E-02      2.37417880E-03      1.97848233E-04                   1
         0      8.63043591E-02      2.57202704E-03      0.00000000E+00      8.63426762E-02      2.57202704E-03      1.97848233E-04                   1
         0      8.63043591E-02      2.76987527E-03      0.00000000E+00      8.63487963E-02      2.76987527E-03      1.97848233E-04                   1
         0      8.63043591E-02      2.96772350E-03      0.00000000E+00      8.63553692E-02      2.96772350E-03      1.97848233E-04                   1
         0      8.63043591E-02      3.16557174E-03      0.00000000E+00      8.63623949E-02      3.16557174E-03      1.97848233E-04                   1
         0      8.63043591E-02      3.36341997E-03      0.00000000E+00      8.63698732E-02      3.36341997E-03      1.97848233E-04                   1
         0      8.63043591E-02      3.56126820E-03      0.00000000E+00      8.63778041E-02      3.56126820E-03      1.97848233E-04                   1
         0      8.63043591E-02      3.75911644E-03      0.00000000E+00      8.63861873E-02      3.75911644E-03      1.97848233E-04                   1
         0      8.63043591E-02      3.95696467E-03      0.00000000E+00      8.63950229E-02      3.95696467E-03      1.97848233E-04                   1
         0      8.63043591E-02      4.15481290E-03      0.00000000E+00      8.64043105E-02      4.15481290E-03      1.97848233E-04                   1
         0      8.63043591E-02      4.35266114E-03      0.00000000E+00      8.64140502E-02      4.35266114E-03      1.97848233E-04                   1
         0      8.63043591E-02      4.55050937E-03      0.00000000E+00      8.64242416E-02      4.55050937E-03      1.97848233E-04                   1
         0      8.63043591E-02      4.74835760E-03      0.00000000E+00      8.64348848E-02      4.74835760E-03      1.97848233E-04                   1
         0      8.63043591E-02      4.94620584E-03      0.00000000E+00      8.64459794E-02      4.94620584E-03      1.97848233E-04                   1
         0      8.63043591E-02      5.14405407E-03      0.00000000E+00      8.64575254E-02      5.14405407E-03      1.97848233E-04                   1
         0      8.63043591E-02      5.34190230E-03      0.00000000E+00      8.64695225E-02      5.34190230E-03      1.97848233E-04                   1
         0      8.63043591E-02      5.53975054E-03      0.00000000E+00      8.64819706E-02      5.53975054E-03      1.97848233E-04                   1
         0      8.63043591E-02      5.73759877E-03      0.00000000E+00      8.64948695E-02      5.73759877E-03      1.97848233E-04                   1
         0      8.63043591E-02      5.93544700E-03      0.00000000E+00      8.65082189E-02      5.93544700E-03      1.97848233E-04                   1
         0      8.63043591E-02      6.13329524E-03      0.00000000E+00      8.65220187E-02      6.13329524E-03      1.97848233E-04                   1
         0      8.63043591E-02      6.33114347E-03      0.00000000E+00      8.65362686E-02      6.33114347E-03      1.97848233E-04                   1
         0      8.63043591E-02      6.52899170E-03      0.00000000E+00      8.65509684E-02      6.52899170E-03      1.97848233E-04                   1
         0      8.63043591E-02      6.72683994E-03      0.00000000E+00      8.65661180E-02      6.72683994E-03      1.97848233E-04                   1
         0      8.63043591E-02      6.92468817E-03      0.00000000E+00      8.65817170E-02      6.92468817E-03      1.97848233E-04                   1
         0      8.63043591E-02      7.12253640E-03      0.00000000E+00      8.65977652E-02      7.12253640E-03      1.97848233E-04                   1
         0      8.63043591E-02      7.32038464E-03      0.00000000E+00      8.66142623E-02      7.32038464E-03      1.97848233E-04                   1
         0      8.63043591E-02      7.51823287E-03      0.00000000E+00      8.66312082E-02      7.51823287E-03      1.97848233E-04                   1
         0      8.63043591E-02      7.71608111E-03      0.00000000E+00      8.66486025E-02      7.71608111E-03      1.97848233E-04                   1
         0      8.63043591E-02      7.91392934E-03      0.00000000E+00      8.66664450E-02      7.91392934E-03      1.97848233E-04                   1
         0      8.63043591E-02      8.11177757E-03      0.00000000E+00      8.66847353E-02      8.11177757E-03      1.97848233E-04                   1
         0      8.63043591E-02      8.30962581E-03      0.00000000E+00      8.67034733E-02      8.30962581E-03      1.97848233E-04                   1
         0      8.63043591E-02      8.50747404E-03      0.00000000E+00      8.67226586E-02      8.50747404E-03      1.97848233E-04                   1
         0      8.63043591E-02      8.70532227E-03      0.00000000E+00      8.67422910E-02      8.70532227E-03      1.97848233E-04                   1
         0      8.63043591E-02      8.90317051E-03      0.00000000E+00      8.67623700E-02      8.90317051E-03      1.97848233E-04                   1
         0      8.63043591E-02      9.10101874E-03      0.00000000E+00      8.67828955E-02      9.10101874E-03      1.97848233E-04                   1
         0      8.63043591E-02      9.29886697E-03      0.00000000E+00      8.68038670E-02      9.29886697E-03      1.97848233E-04                   1
         0      8.63043591E-02      9.49671521E-03      0.00000000E+00      8.68252844E-02      9.49671521E-03      1.97848233E-04                   1
         0      8.63043591E-02      9.69456344E-03      0.00000000E+00      8.68471471E-02      9.69456344E-03      1.97848233E-04                   1
         0      8.63043591E-02      9.89241167E-03      0.00000000E+00      8.68694550E-02      9.89241167E-03      1.97848233E-04                   1
         0      8.63043591E-02      1.00902599E-02      0.00000000E+00      8.68922077E-02      1.00902599E-02      1.97848233E-04                   1
         0      8.63043591E-02      1.02881081E-02      0.00000000E+00      8.69154047E-02      1.02881081E-02      1.97848233E-04                   1
         0      8.63043591E-02      1.03783828E-02      0.00000000E+00      8.69261367E-02      1.03783828E-02      9.02746816E-05                   1
         0      8.63043591E-02      1.04506026E-02      0.00000000E+00      8.69347888E-02      1.04506026E-02      7.22197452E-05                   1
         0      8.63043591E-02      1.05083784E-02      0.00000000E+00      8.69417530E-02      1.05083784E-02      5.77757961E-05                   1
         0      8.63043591E-02      1.05545990E-02      0.00000000E+00      8.69473517E-02      1.05545990E-02      4.62206371E-05                   1
         0      8.63043591E-02      1.05915755E-02      0.00000000E+00      8.69518480E-02      1.05915755E-02      3.69765095E-05                   1
         0      8.63043591E-02      1.06211567E-02      0.00000000E+00      8.69554563E-02      1.06211567E-02      2.95812073E-05                   1
         0      8.63043591E-02      1.06448217E-02      0.00000000E+00      8.69583500E-02      1.06448217E-02      2.36649662E-05                   1
         0      8.63043591E-02      1.06637537E-02      0.00000000E+00      8.69606695E-02      1.06637537E-02      1.89319734E-05                   1
         0      8.63043591E-02      1.06788992E-02      0.00000000E+00      8.69625281E-02      1.06788992E-02      1.51455789E-05                   1
         0      8.63043591E-02      1.06910157E-02      0.00000000E+00      8.69640168E-02      1.06910157E-02      1.21164625E-05                   1
         0      8.63043591E-02      1.07007089E-02      0.00000000E+00      8.69652090E-02      1.07007089E-02      9.69317008E-06                   1
         0      8.63043591E-02      1.07084634E-02      0.00000000E+00      8.69661635E-02      1.07084634E-02      7.75453635E-06                   1
         0      8.63043591E-02      1.07146670E-02      0.00000000E+00      8.69669276E-02      1.07146670E-02      6.20362885E-06                   1
         0      8.63043591E-02      1.07196299E-02      0.00000000E+00      8.69675392E-02      1.07196299E-02      4.96290261E-06                   1

